2.273009670255247361e+00
2.295758036519077283e+00
2.057802475226817585e+00
2.054806196206057756e+00
2.405717932352260391e+00
2.842888606358435766e+00
1.989188276532553035e+00
1.929141406624247379e+00
1.993677377712510079e+00
1.811993672767159502e+00
3.329516535372659014e+00
3.001098442003463873e+00
2.519127833678028949e+00
2.089725526166632541e+00
2.228861443725807856e+00
2.213019230070245591e+00
2.107366408710400485e+00
2.133851838035440096e+00
1.991319679602750803e+00
2.525289099721248043e+00
2.391709607480839939e+00
1.459864604159247570e+00
2.014385439841516856e+00
2.437549911023119797e+00
2.909521731187761251e+00
3.534985227535219821e+00
4.464398487097863466e+00
5.576686542455798978e+00
5.473114312049485619e+00
6.199743277440164513e-02
4.367532290554871494e-02
5.903930985496929296e+00
9.880323510949477139e+00
7.960405181002817798e+00
7.277523404765135595e+00
1.072406823310059742e+01
1.026087582533844156e+01
9.144431471018945601e+00
1.333359634489996637e+01
1.359837086406674800e+01
1.303938055478541003e+01
