2.006327627066112562e+00
1.999146068475835314e+00
2.190570245546272332e+00
2.107021461610626645e+00
2.418267539207556105e+00
2.963329480568917873e+00
3.555701601370297560e+00
2.000635510633906655e+00
4.061181080980175828e+00
3.754761446734985686e+00
3.470752030572983760e+00
3.052404967305731187e+00
2.536395465730894472e+00
2.126570860057297452e+00
1.999225803481674113e+00
1.531165918792651182e+00
2.166864781806769447e+00
2.245471332425833300e+00
1.758553921442539858e+00
2.197321310811924722e+00
2.465631289533303683e+00
1.802784796868791117e+00
2.726665861360484389e+00
4.822289056638599525e-01
3.152308593370753975e+00
3.719660880815185422e+00
3.721719274814803580e+00
4.580215222533451147e+00
4.784681967050981588e-01
1.143650101528739249e-01
7.379611623569371837e+00
9.615528359423517912e+00
6.785751806674173991e+00
9.153035465893863076e+00
8.688260253205601913e+00
9.184933802927607971e+00
9.828709426401797344e+00
1.302370173499057415e+01
1.078460246140323697e+01
nan
nan
