1.795389943340513605e+00
2.083404683163733395e+00
1.901171511569629047e+00
2.181672669587742863e+00
2.437142213826653414e+00
2.794652937354810351e+00
3.444456984317334047e+00
1.911648180523930041e+00
1.832696373670434697e+00
3.901063080457733534e+00
3.490528140494669085e+00
3.098418759498602792e+00
2.510157270955767572e+00
2.257948065420361861e+00
1.941014010773568721e+00
1.772205907759600185e+00
2.135351086891963401e+00
1.915891005535268254e+00
1.949434496437689068e+00
2.518526115026464840e+00
7.063457513343983640e-01
2.583350005180312436e+00
nan
3.369437041422043144e+00
2.914652322283025399e+00
3.627444015280393952e+00
5.139700252677277703e+00
4.717525367600706510e+00
nan
6.219422886753719210e-02
nan
7.487059117587919310e+00
7.510603917305724408e+00
9.005192435787629179e+00
7.329870162588299820e+00
1.004619383353902684e+01
1.120664393116903668e+01
9.271453746233131454e+00
1.132896080816421147e+01
1.245633751738909645e+01
nan
