2.193803088411749869e+00
1.739687940365508778e+00
2.140070247139747028e+00
2.233539993273672142e+00
2.470422963392385540e+00
2.835964497600355294e+00
3.400000633194909749e+00
3.617303831985851037e+00
3.783977360365624154e+00
1.668581545813015765e+00
1.809407260250169847e+00
3.071158501268379748e+00
2.636434103897078440e+00
2.206193142700914489e+00
1.950666425436140550e+00
2.072119802505858033e+00
2.073261245690806831e+00
2.150527867333405396e+00
2.153492507643480547e+00
2.422621453399713243e+00
2.306422846984484298e+00
2.545449089087855388e+00
2.819561805400620180e+00
3.248557169198128758e+00
2.924490138676715034e+00
3.998870037718593284e+00
4.037895976515350149e+00
5.297038852409997389e+00
nan
1.190994581080777881e-01
6.837357899262388017e+00
8.517757232426488301e+00
7.960606314745040102e+00
7.388018244323702355e+00
9.993627835984401742e+00
1.220061666111673659e+01
1.078772410942467985e+01
8.714196287370176819e+00
nan
1.446183035914993376e+01
nan
