2.464988387324420049e+00
2.112764830980712549e+00
1.856727626081635885e+00
2.025758351930710077e+00
2.338889795012851547e+00
2.784936624583963738e+00
1.948383268012778169e+00
3.706267096907323033e+00
2.008944316365503191e+00
3.893818757554784238e+00
1.859062363082593761e+00
2.940811764858271893e+00
2.525747059465713207e+00
2.141346395614120546e+00
2.265060838650939434e+00
2.134155097557344671e+00
2.178553188736071622e+00
2.318813296961539816e+00
2.211906497196196586e+00
2.456517599654876260e+00
2.299005798840332293e+00
2.352705911396275607e+00
2.572640897101195812e+00
nan
3.110934331092796601e+00
3.757314429263792999e+00
4.064303575536448498e+00
4.603521910215613744e+00
6.130393318522053825e+00
6.373475365394186409e-02
7.408107842117023445e+00
6.305738403046905027e+00
9.238044181556443135e+00
7.192674432127287965e+00
7.520439393830976371e+00
1.131043804280761833e+01
7.108407189184533514e+00
1.034763409882763519e+01
1.074038039118738652e+01
1.281808998356311591e+01
1.347719472288666154e+01
