1.793165037632973746e+00
2.009084691259491517e+00
2.193504647389554751e+00
2.097169383276976884e+00
2.365575238016483617e+00
2.920644943392064707e+00
1.983333953851134313e+00
1.752972541658859740e+00
1.597519769199856388e+00
1.859017824814025888e+00
3.305683830819781122e+00
2.873569824000079098e+00
2.538255495236322989e+00
2.289604933750843063e+00
1.988186789783302988e+00
1.936575185902683627e+00
2.122775611410530505e+00
1.759660085502877225e+00
1.947380336957534652e+00
2.514454173504276469e+00
2.316437192608397755e+00
2.122047074246613985e+00
nan
2.888608851851616866e+00
nan
3.607375962885969845e+00
4.113733585800997794e+00
4.517692884574370460e+00
5.238716214213816613e+00
5.540729685866059739e+00
5.441388004771464004e+00
5.904464782585358229e+00
7.204529454414906553e+00
9.857129530461616440e+00
8.278317911952781216e+00
9.181714412306941853e+00
1.195540484904714162e+01
9.023666596026954423e+00
1.010455567685687761e+01
nan
nan
