2.394708602486492754e+00
2.142316019279740136e+00
2.242775058347719508e+00
2.030937410729315662e+00
2.299752603689416031e+00
2.749367181913913161e+00
1.952888684779283901e+00
1.799112101275059494e+00
1.749963739721686062e+00
3.562466365033487570e+00
3.230909855289110233e+00
1.833673570957578436e+00
2.536075959423423232e+00
2.373373322535082153e+00
1.983385074064028863e+00
2.204212944669285079e+00
2.199202340151091395e+00
2.054216508596020674e+00
2.225840460676844046e+00
2.510438219784161262e+00
2.322001908592148833e+00
1.064849300247433794e-01
2.643878355842586902e+00
5.581627652687903840e-01
2.982266436518520969e+00
3.635204596787928732e+00
4.082121809616686470e+00
4.799792458095118342e+00
2.602587927594149253e+00
nan
3.338844661420103943e-02
9.202848130819809569e+00
nan
6.962126854550793276e+00
8.191454136963564281e+00
9.554824534666323643e+00
8.561623839864646257e+00
8.974626776118444837e+00
1.148182257745064128e+01
1.307204090906408567e+01
1.443444354574870658e+01
