1.947152785422983090e+00
2.275620307239760720e+00
2.186384839584581297e+00
2.160186885436388593e+00
2.439281370779155633e+00
2.952929004535883362e+00
3.597403758589420519e+00
1.739184911425067925e+00
3.896729327316998504e+00
1.905150541424314614e+00
1.746316637328468868e+00
2.861278923027226195e+00
2.565496558558600260e+00
2.370694013330608030e+00
2.334437859621206091e+00
1.537224307201731532e+00
2.142645432799696437e+00
2.165407127351574257e+00
1.728428657375151944e+00
2.587165307220553156e+00
2.411036835225917052e+00
2.412112053848368021e+00
2.444018018242285262e+00
2.856510464669144600e+00
2.808603435058108833e+00
3.451685961288999849e+00
4.341302773083148381e+00
4.625120364047529797e+00
6.244706211796691164e+00
1.366960100884707652e-01
nan
1.007301891028911989e+01
8.764983595909605185e+00
9.224238710728730695e+00
8.993836620835862661e+00
8.616758836730948445e+00
1.223092657790734883e+01
1.065614638565940453e+01
1.262592894081734052e+01
nan
nan
