1.717521971699697003e+00
2.210446120019696092e+00
2.118444716794481764e+00
2.082395680375489277e+00
2.522928525234406028e+00
2.964159073329920790e+00
3.354513787474431741e+00
3.695323619913385205e+00
3.912367108418644435e+00
1.762920008253652027e+00
3.516317969302371171e+00
3.158939629404896365e+00
2.489209762658880720e+00
2.221791615523424301e+00
1.831111013506012020e+00
2.327228098757530006e+00
2.072206903179849125e+00
2.155193819480080819e+00
2.409333467713531185e+00
2.536015844949661258e+00
2.032482957552588676e+00
2.181177324115140426e+00
1.223448978105565466e-01
nan
2.734409964788709235e+00
3.879128730227079824e+00
3.964729574834060077e+00
4.648593430901585499e+00
5.129723184039693962e+00
1.080476511657201544e-01
7.993728259399136782e+00
7.923788631490994661e+00
7.495845946489153810e+00
7.352645924024103330e+00
8.731076258468231543e+00
1.131348705988692238e+01
9.109928802770099310e+00
nan
9.647637800452910639e+00
nan
nan
