2.339770987834523641e+00
2.302083307688495672e+00
2.079913377316244372e+00
1.726770982808923272e+00
2.331176196771102216e+00
2.003277017733462007e+00
2.028192101662723790e+00
2.027849573974680908e+00
1.969921372663254733e+00
1.939677628008636523e+00
3.391698613555590658e+00
2.883679260246965637e+00
2.253090628931129213e+00
2.462499931028708566e+00
2.408476995772394602e+00
2.263784340572495335e+00
2.233590595302753279e+00
2.256416688475062049e+00
2.214646205469179563e+00
2.348540053811863704e+00
2.284234560680713955e+00
2.152622779829715949e+00
2.632192639334792972e+00
1.306751794146186751e-01
nan
3.934518810156831581e+00
4.659997819552064158e+00
4.649887617936387940e+00
5.799801398028633592e+00
5.791563393595207998e+00
6.379640540819907224e-02
7.655210124042891806e+00
8.266904039461882903e+00
8.182175276530935903e+00
8.384092561294265167e+00
8.246079134980446312e+00
1.123174719363457896e+01
9.973493576010399764e+00
1.135566193853447814e+01
1.309861557808704546e+01
1.439841093396695904e+01
