2.496792568396307477e+00
2.079776603112697408e+00
2.061132274119269692e+00
1.959341634136840371e+00
2.204551068909009537e+00
1.966051503130298084e+00
3.392417623816697425e+00
3.743998564602819989e+00
1.860027669146967488e+00
1.904114494492547882e+00
1.872930001568896108e+00
2.550431994431558991e+00
2.381351571559343405e+00
1.983543669967396728e+00
2.231356864572088927e+00
2.471334574344026258e+00
2.167198923192811488e+00
2.225826315775979669e+00
2.071352550400564319e+00
2.558266621531386065e+00
2.224560207752797503e+00
2.260146739470074273e+00
1.709154054004168533e+00
2.751907283692872408e+00
3.005894200134833216e+00
3.025082375411740188e+00
4.131120750628360483e+00
4.858599878999431354e+00
1.449216428568978754e-01
nan
7.409020140284041211e+00
7.205135087766193713e+00
8.985472688523973517e+00
8.508778823548524883e+00
9.714244768822627663e+00
1.078740823817884475e+01
1.196429689829890108e+01
9.130982418120225930e+00
1.178582837753472212e+01
1.231497047595518879e+01
1.355584200185035471e+01
