1.897094055981085603e+00
2.228273993909001938e+00
2.275493563993743695e+00
2.078953900924952247e+00
2.499044489913349043e+00
3.030882728859775277e+00
3.629378277684281340e+00
1.998434503496762105e+00
1.931009231604965182e+00
1.954041775131457159e+00
3.535568144001825175e+00
1.993290471827000587e+00
2.434436596668875907e+00
2.323493295340203435e+00
2.152041025127502838e+00
1.946716449561138651e+00
2.140497573708664891e+00
2.259602766322058365e+00
2.070996645793808710e+00
2.534871210742356773e+00
2.305576741251373019e+00
2.083230245864143626e+00
2.823331918464953905e+00
2.556325642798577213e+00
3.209459203135071270e+00
3.428988012108809436e+00
4.158215114723422090e+00
4.815818915161180769e+00
6.556108810333992842e+00
nan
nan
1.211746248263484560e+01
7.700528425918849784e+00
8.147207186383379707e+00
8.422591585908259404e+00
1.002027831821254722e+01
1.340738351082448787e+01
1.103438643356241222e+01
8.341494495913332585e+00
1.110746847114386604e+01
nan
