1.774527845050139385e+00
2.208746467757149556e+00
2.055330471544429383e+00
1.899691064839034604e+00
2.460833941467031494e+00
2.953523987674273155e+00
3.578265720822810803e+00
3.983096343918610671e+00
4.107374157940378190e+00
3.679413381179704956e+00
3.294942257433388200e+00
2.992488732391116013e+00
2.543834875763078429e+00
2.192534219021000652e+00
2.048185516630724123e+00
1.709887571785620342e+00
2.159530508512135238e+00
2.077973286868579628e+00
2.098539100865477902e+00
2.577350757503424905e+00
2.360003114583369754e+00
3.157222351906839308e-01
1.031659092007371353e-01
2.776038298319614128e+00
1.145400678569908626e-01
3.241436570645423565e+00
4.552319427494889048e+00
nan
nan
1.186835937886101255e-01
7.112386318021889586e+00
7.749743266800306785e+00
7.068819940741661867e+00
9.253138839695104423e+00
8.989488065335159206e+00
7.572652554975594086e+00
1.032075131079178654e+01
1.134501818205737855e+01
1.041054844515641697e+01
1.220383101573659701e+01
nan
