2.472852460441972600e+00
2.409136310079823762e+00
2.125750680039130369e+00
1.812832664213823941e+00
2.197321417470396998e+00
1.993949470638007648e+00
3.345942479128896530e+00
1.907784700809138645e+00
2.023351409557721858e+00
3.776025361395149993e+00
2.036622714655067945e+00
2.806408904360602197e+00
2.176879654102347850e+00
2.388309775797022194e+00
2.505603364970415026e+00
2.278248516314219874e+00
2.277268402377945034e+00
2.269462279355199730e+00
2.031718867947359453e+00
2.533781400657050487e+00
2.422516412778425554e+00
2.369159414904064231e+00
2.598199099559177938e+00
2.629469788201456382e+00
3.136012896254730453e+00
3.346935003826525090e+00
4.187450625419582906e+00
nan
nan
5.302880850397380996e+00
8.179992409659481822e+00
1.035211768363165064e+01
nan
6.314073752242928883e+00
8.002463067738876390e+00
1.162681153189167738e+01
1.093800238735676622e+01
1.070027645072704026e+01
8.426557052615759602e+00
nan
1.279836458371386776e+01
