1.829412553144005571e+01
1.252248860107076389e+01
1.398384265024839834e+01
9.117317514137834422e+00
9.176309576853011407e+00
8.900191495259120344e+00
7.304407847025479406e+00
7.904334133897095160e-01
6.126458720235740785e+00
1.066920094182691336e+01
9.064483113279106163e+00
9.777998747490483922e+00
8.979635275280038798e+00
1.194662949562427912e+01
1.343857619849261376e+01
1.006673095947634877e+01
1.082165140312240403e+01
9.685497629032136402e+00
9.722528288840848631e+00
2.874024335484447246e+00
9.887471773331631297e+00
1.035737022614928549e+01
9.718956799013927395e+00
1.144596609475011562e+01
1.370792013904314821e+01
1.223717192221958427e+01
1.143032964217722203e+01
1.014244959439985649e+01
8.859817849989815031e+00
1.172287268485385425e+01
1.058082202667809923e+01
1.222120953150562173e+01
1.030976575263651007e+01
1.125455879235720680e+01
1.071324617630515519e+01
9.178426684864442464e+00
8.603910503461063897e+00
7.879361049551680374e+00
8.091645403307250461e+00
9.416924456399520693e+00
7.263654691848172362e+00
8.436092710173760167e+00
8.238512838815125860e+00
4.514792933607182590e+00
7.840504074707716597e+00
7.648790528716667758e+00
6.358785521803302032e+00
6.420142373040562234e+00
7.083029997915417653e+00
6.542160389121672637e+00
6.316829156323954919e+00
7.113987115111044091e+00
6.609576809095304206e+00
6.408104390027423491e+00
6.906900404182205300e+00
7.245871419958394455e+00
6.977424951933368646e+00
6.590729042012383410e+00
7.300861453920151511e+00
6.398659025413604873e+00
7.069592514662132565e+00
6.803012304076453631e+00
6.233591482193832078e+00
6.520710941421438811e+00
6.443349604717749202e+00
6.909027543633721180e+00
7.268074327008762658e+00
7.462864287122534357e+00
6.784604895414563686e+00
7.268160960239887558e+00
6.763102866516679690e+00
7.764105612102984111e+00
7.407812313195854870e+00
7.851276771224005913e+00
6.481924692086210804e+00
7.491681901589421599e+00
7.960855256909170841e+00
8.004015134198343873e+00
7.962660937718313292e+00
7.752831612926991411e+00
8.100006339601478089e+00
7.800822555099984790e+00
7.886784184427719779e+00
7.574682150441549133e+00
7.866020145287038190e+00
6.931323678980676029e+00
7.668661833866550204e+00
7.704875470897555978e+00
8.102199571160847213e+00
7.942803573414306761e+00
8.141309923518836200e+00
